4649
5464
384
7514
7658
4718
9477
2108
3485
2969
2854
200
5903
6432
4113
1285
3490
8550
3075
4878
1904
5560
2843
7791
9795
2075
4807
8246
9787
8663
785
144
9982
6482
2180
6872
2911
7070
3253
4658
1372
1513
2145
8716
5891
8409
5600
8111
5740
4683
4867
7441
343
4671
8817
9221
283
1871
6616
3929
1639
8710
1263
6576
1277
2675
2637
5100
3111
5138
4439
1252
4599
2149
1546
5098
5597
3615
8188
6437
4072
6622
9827
5511
8426
7149
8726
972
5823
5011
7619
8028
6050
1009
3644
530
8278
309
8289
5056
3394
5111
4752
2173
3392
8547
9819
2734
3966
1202
4144
9074
1349
348
2575
9420
6463
1059
2402
1312
818
42
6933
8301
7152
1734
4677
4166
3135
3
3907
4200
7945
404
9557
4753
6841
1902
3312
419
3719
6683
367
1899
4182
1322
7293
2030
5507
3631
2313
5287
3981
9443
363
9899
2943
4047
7438
691
4739
9087
8639
5678
6865
196
5980
1523
5975
4488
3540
9191
6342
8159
872
9598
4359
301
5512
4587
9461
6234
2216
5814
7218
2587
9441
6894
9813
2838
5290
1753
4648
5332
7034
7695
9767
8772
4287
6397
1448
5854
7607
4690
1250
666
7073
5537
4088
7948
5990
2879
9836
6614
1078
9345
5603
2693
168
9913
1628
7305
8372
5476
4745
5894
3881
7160
8866
3391
2212
8266
6867
781
6156
3659
6189
2817
4909
5762
1515
88
2464
3635
2221
5941
7979
9884
3037
9995
2549
687
8867
8163
2867
1936
7604
6808
4235
3323
8799
7798
6701
5516
1492
8300
7814
7063
1788
293
5683
5163
428
6349
8790
5902
3149
6060
9053
5007
2412
8601
1862
1987
2526
1617
5478
1431
8179
7577
8132
7278
8963
2178
3899
8010
4922
6360
814
5004
2964
1118
7234
626
4486
2406
2509
7610
1526
491
763
7677
7206
8181
9555
5997
3053
2434
8164
1330
5542
945
6501
9702
9131
1089
2413
9857
6500
3637
9105
2954
7387
852
3176
3687
413
1396
2836
5860
4915
8507
8877
4653
7469
4920
6794
9715
7682
2540
2694
6653
7860
6699
3649
3378
1632
2443
4000
9032
4239
2958
4031
6557
6278
8615
3636
4361
5927
8282
8536
6550
6032
7275
2618
8227
6026
7408
6197
5019
6607
4933
9834
1318
9641
3655
447
7819
3824
479
2055
991
4569
7150
1597
1589
3688
6448
2931
7139
8579
3293
3820
2830
4679
1213
49
4081
3621
6906
9396
918
7411
7399
7426
8510
277
7347
7642
5499
6383
6889
9173
3316
8231
7137
5387
4918
7326
896
2372
4520
8411
6355
85
9639
1190
7516
3015
1565
9157
3448
7452
3151
315
7414
7413
7861
7964
7466
8209
8067
118
9688
9359
7586
8810
7022
8852
8984
1696
3796
7714
9573
3129
1359
1368
7806
7409
7507
9596
8423
7800
303
4574
2650
437
7741
1306
1276
5942
5877
5723
6134
637
16
2798
5331
8043
7721
9619
8746
767
9408
5729
6094
1745
9752
4406
7790
3545
7876
3705
4951
3440
4876
2894
4203
598
8157
187
5993
9529
9399
7822
9451
7083
581
3793
3447
5339
5238
3910
5890
3216
3087
8674
6373
1131
6403
3893
4716
1940
9999
1293
4164
2467
9554
8370
5395
6511
3117
3726
5696
1425
1401
731
1504
9063
1206
9926
1265
9937
6268
5730
3695
2825
1730
9422
4379
7360
5641
839
7893
1086
8418
2011
8537
1819
614
4921
8055
2828
3370
9077
5257
5062
9729
8640
4020
5053
2617
2858
4838
7280
8086
770
2869
2084
3157
9523
3056
2871
9838
7217
4220
4288
411
9868
2553
4389
376
2912
2656
5269
6238
2023
6797
5294
7989
816
1749
4826
8309
845
7029
2336
4276
8844
9872
5750
6811
9975
1416
6904
2135
8073
6755
342
2315
2966
7817
5012
7802
4046
5908
9468
5160
1343
1039
6372
9491
4419
3494
3141
8725
950
8528
3738
3074
6679
7589
3029
6759
4409
7478
3200
2995
3980
2742
1232
2404
7231
6004
339
1952
8763
3138
2254
7425
5781
9906
4835
7096
3068
3930
615
4936
6943
9016
7857
2262
4511
7430
2276
3516
446
9111
846
1175
2517
8508
9878
8648
1602
54
3795
3689
6286
465
9500
5866
1443
9403
3233
6803
1440
4309
440
7434
9492
3063
7622
244
836
4097
8830
5556
7078
4227
3214
393
1694
4484
8368
4577
9215
7402
9288
4572
2760
4289
6944
5375
4451
923
7728
4772
7182
3232
7690
661
2752
8240
779
7167
8568
944
2387
7850
5191
2935
1514
490
7010
6600
7108
9478
2271
1105
7337
8375
7014
5987
1344
9885
9407
2243
5041
625
9028
1047
9225
782
9644
4310
3682
9564
6602
1643
6858
6634
3939
5192
5272
3474
9530
886
8593
4136
4158
2140
230
6639
992
5371
8947
9617
3217
5605
8638
9856
7123
4525
3000
3479
5918
9973
9047
4263
7056
1189
7968
4820
9404
2316
6445
9116
4711
3025
9912
4482
7784
2465
291
6335
7644
1080
9452
1147
2357
3243
4775
9652
4654
2431
1919
2889
9886
7051
9196
7397
1608
2071
2846
4250
8319
7069
5818
853
5457
3529
6791
6574
9351
9817
7017
1896
9764
927
9088
8541
6083
4748
6458
8374
8665
4576
7178
3154
4791
4573
2732
4434
5133
4764
9706
7198
1481
6207
8131
4709
1244
6966
7631
2528
2103
5148
7998
7886
1230
2201
359
921
3508
894
9923
9683
7543
7976
134
1645
1210
3512
4862
3991
6140
3362
474
2039
7510
7666
7481
2229
5207
1150
5139
7869
4627
8487
6812
6350
1491
1151
3988
1021
6711
3317
9346
752
9054
4503
572
5176
110
3379
1024
3926
1712
9520
5656
7923
9142
5211
5104
3595
8143
998
7532
2329
4137
9090
5647
1569
2924
5869
1911
8938
2756
6256
4860
3722
7556
6882
8868
7974
3199
9176
8702
4456
5267
8807
5841
2824
1773
3178
1360
4226
6648
586
8448
202
7356
1757
5607
8148
7268
8715
5721
5926
1533
4978
7317
7544
5469
2302
4636
8434
290
689
3936
4096
7292
9260
9445
695
9093
780
7055
3863
7023
3455
8166
3134
9482
7458
403
458
7785
5772
5087
1103
8216
3239
7286
2530
7081
9893
51
9065
5054
1595
3442
5090
1668
8172
7097
1605
4033
7563
6549
2504
5336
7018
4452
8156
4428
8718
9129
1979
7094
9100
6304
7013
6191
4809
8922
7712
9958
317
5937
8021
7867
5013
6845
3967
7427
9976
25
1779
8828
8953
9104
9393
2506
5586
9546
2909
7109
1348
8151
5773
6773
141
6561
8469
4398
5948
6013
7638
2680
9012
6720
8403
8483
7457
5996
7099
4059
9917
2484
4777
2249
8186
1622
8342
9004
7681
5384
1300
8687
6211
5334
9943
4937
9438
5558
922
5372
6029
4217
6792
1828
5806
9161
2264
2074
3397
6330
5874
5223
9182
8651
4469
6344
801
2691
6558
8066
8614
9240
41
4790
8007
4798
7058
3499
8042
6356
4689
1507
153
3851
2699
2548
1186
7339
1161
1531
8357
9727
7787
2866
876
9758
3932
4675
5978
1681
6997
9918
8973
7961
3769
6834
5629
5226
2363
4565
5288
4355
7492
5639
5831
3486
3949
2731
2349
1834
3247
1746
2468
380
4281
7659
3131
2564
4375
459
7307
4093
7746
7628
6210
1596
9889
6102
9167
6074
5137
6730
4352
841
9168
1087
3266
72
8100
6533
492
6592
5917
7130
9994
1672
1282
9143
3387
1609
6436
9844
8681
862
6554
5492
817
8936
1763
1710
7576
8155
1649
2437
2187
325
5810
9158
3842
2466
9465
4979
1568
8274
7569
5628
562
1351
1178
5893
9433
4394
6936
7719
728
2207
6311
4111
5281
2518
2606
5986
8752
8737
7821
9647
4126
8693
1978
3215
8925
5208
9299
4231
1637
5717
7846
8210
1136
6848
7909
5739
8352
436
6446
505
4195
5652
9067
7981
5039
4841
1832
4676
5692
5916
7801
9110
3616
2326
104
6949
1102
5409
7537
622
8094
5227
161
9234
9694
9042
1074
6390
6961
9514
7255
3468
2786
8975
5924
2865
299
5529
6089
365
4219
6362
2337
3342
7077
8911
5704
5071
662
7568
2346
6424
3507
2531
1193
4029
2640
9526
1269
6663
3487
2588
9319
4819
4372
8824
1588
1613
2296
3575
6198
5190
1471
7489
2834
7743
6702
7281
8802
7940
8459
7625
9284
8904
3539
5241
5602
5475
893
9660
4605
7915
8880
6826
5664
2379
402
2779
5078
6270
5661
9237
9592
7566
2953
147
1915
6208
3324
8269
5252
9085
4626
2123
6814
6960
5437
5526
7117
855
3098
2157
5089
8902
9292
6456
696
1043
6090
3304
6289
6087
3846
6177
2408
86
7076
7424
6953
9387
4639
6754
4896
1143
3574
2863
2097
8793
7809
883
5023
5126
74
3390
7561
6084
2737
929
4698
3887
251
8743
7297
4703
62
7312
2516
7612
897
4712
8724
3976
6660
9488
2510
1082
2815
7175
3451
959
1942
8192
6351
3148
1069
9021
9264
5386
5766
4115
5244
2806
1789
3667
6489
1985
7805
487
6570
3663
9331
795
5665
2065
5127
5005
3951
848
7840
653
2159
6669
2366
6329
1524
7887
6328
4025
4609
4685
5143
2496
7309
6461
6164
911
7920
4472
3847
3815
7333
8476
3756
9300
1010
2273
1722
4727
6352
6534
3597
5142
9839
4303
3425
4161
7041
8815
6839
3599
942
2961
1963
7652
6121
8022
5074
378
2677
4331
2330
1272
6635
4041
2032
8341
5452
4410
6030
5486
6143
2377
5154
4015
7837
8682
8535
2813
2811
9034
8069
302
549
136
1355
6301
31
3703
2311
8580
4926
7810
9243
5031
1171
793
5046
5040
109
9246
4590
2502
1449
1461
5912
2708
4470
8995
4575
742
9696
138
1980
9310
1827
8429
604
1092
99
7913
9126
1536
4156
8343
550
5534
7379
8652
1948
3345
3961
6433
4189
9218
3254
4635
9772
5440
3696
420
7775
2459
9172
9519
3827
6704
6942
6280
2442
8894
511
2072
7678
6253
8214
1853
9507
1354
1463
6230
7177
4222
184
5424
2192
9015
3505
9643
7984
7128
1281
6459
1989
269
2347
8334
2916
4427
7155
3825
1882
7778
8534
8838
6407
2226
7358
139
3727
5728
8048
7590
4956
3042
4970
5347
1735
8221
6515
1297
2088
6460
9476
2175
6174
2067
2382
7088
216
2335
4704
3680
724
8072
8247
6744
1377
6293
8396
3941
2270
5010
6625
1934
4834
1825
7848
5768
7251
382
2557
4073
432
5863
4178
5915
573
1560
4068
1927
5803
2659
3020
9181
3343
7407
2578
8225
3145
4083
8346
6376
4774
1761
5794
9261
973
3912
8789
7184
895
786
8292
2237
4036
8770
56
1555
6052
6598
5447
6410
769
5427
3909
7983
1320
3097
8777
6069
8144
8101
9620
4871
3280
320
7706
4533
1207
4414
390
8208
3430
2031
1728
7224
5615
2789
5299
4568
5076
7685
1404
9453
6899
6449
5316
1191
7962
4802
3833
10000
8255
5165
9667
702
3281
8323
115
7103
4888
8325
4373
8720
6462
8755
3268
5943
8926
8680
8728
9271
2718
4682
1585
7380
371
2214
8756
3924
5611
9851
2095
6526
2802
220
2240
6795
3536
7710
2661
1091
7205
2816
445
6470
9883
797
4982
8470
5957
6124
5179
2568
208
5363
9755
2429
2616
8569
4204
284
3697
4393
2991
537
3858
8003
1586
1394
2651
1793
308
3741
8170
5522
2272
1201
6671
3594
4902
3592
8801
2586
3774
3622
2853
3118
8103
1216
2295
1620
8747
7156
7366
7315
6242
1532
5659
4076
5233
235
3984
2263
2327
6542
5444
2841
9911
1606
3744
4336
8502
1335
1237
9423
4066
9551
3754
4095
7203
2632
4481
8184
2877
1405
8380
971
4170
5509
6305
2202
5742
8165
3014
7549
2938
9504
8667
5535
3745
6847
484
9479
2799
9786
9640
1864
3309
8800
7813
1901
2415
4128
684
2901
2647
8742
5965
8162
2975
4963
2788
2258
6473
2460
9213
4004
6128
6717
1326
6218
9147
7515
9405
8950
9151
9538
8585
1824
2974
7368
7709
5097
3341
4216
9959
8141
2150
6921
9123
1566
2498
4831
2507
6764
3303
963
9534
3611
5394
3244
26
9038
2188
2805
7751
5601
4616
6051
8879
6358
2218
7448
3248
6712
8295
9808
5524
8402
1
6120
9498
9187
600
7864
8778
383
2361
2978
5467
5880
9699
6326
3315
2876
119
6239
861
2735
3439
8704
656
9925
6100
8180
5797
734
6439
5304
6103
9909
4037
4476
1294
8564
6879
5532
4591
7624
8473
4314
8299
2697
574
7176
5030
3588
2245
4130
9935
3528
6419
3410
9990
3289
7350
4530
936
1916
8760
3476
8649
5788
6886
8026
2077
8493
7004
8232
7260
2536
1002
9017
8015
5515
1699
7793
9417
3777
4461
2795
8931
3458
1823
2141
4187
3750
8686
2818
1854
7020
4487
6252
9760
9722
1261
3473
2068
4457
5080
183
6917
9720
9144
8688
7898
7880
5370
8365
4643
8410
8140
908
9810
2334
5620
4785
8446
8345
6146
6958
7874
1723
6893
8692
2505
5654
1635
4839
7528
7692
58
5279
7429
1248
1464
2653
1196
8008
6685
4583
4229
618
5322
1067
6080
6246
1700
427
9635
6260
4761
1240
7900
2835
7383
9676
8425
1525
6590
5954
1400
7151
4349
823
6214
3666
2130
6700
8613
3196
4735
4974
9610
5369
9139
8988
2210
1593
5450
4521
6059
6364
2892
1370
9076
356
8559
127
7431
453
8298
2433
2398
3329
8698
9881
7353
2046
4747
9450
5523
2199
6641
5754
5688
2852
245
1933
2861
9188
9739
2959
4155
3602
6508
1233
3078
7179
2242
3058
8831
8840
8197
5763
7679
5759
38
8862
2050
2089
6154
5028
4420
1325
4120
3079
466
4778
1479
8853
9853
1502
2054
9812
5731
6018
6619
6131
2920
1408
5389
3848
5069
4768
4253
5967
7807
6213
5209
5026
375
1875
1254
5982
6370
4376
4617
8971
3576
2804
7486
4247
4386
8326
6831
2970
1467
1399
4647
624
3377
9026
6320
2712
3383
9258
4223
2397
8217
556
3307
9771
1220
519
8932
1680
5033
4102
3417
7257
5072
6036
6039
9013
5632
1636
5830
1480
6983
7269
6450
9953
2148
9089
1005
6959
3136
9618
3624
6715
523
4
5338
1203
9311
1687
5195
6790
1460
527
9069
9456
4865
4023
2060
6891
2451
2914
3424
1339
9099
4808
1197
4070
2476
952
1302
7002
8719
3066
4062
6384
3322
8623
5945
5580
1385
7483
8566
2654
4930
8160
3182
1922
145
9824
4280
6813
851
9171
6377
23
5240
1610
7853
7726
4007
2131
6666
6161
2567
2904
2310
4958
4380
8439
4947
6868
8555
7498
9329
4660
5839
4788
463
7245
5045
5232
8482
3541
6587
2365
2849
5820
6853
1910
8220
850
9750
472
6064
1045
5057
7852
4863
9231
1379
5222
5777
1149
6605
8442
5025
6931
2990
4972
8071
5184
2721
2080
2283
1319
5502
4694
5508
5711
1541
3049
2495
4411
477
7390
3700
9091
7547
6513
7159
9263
2657
3302
5034
3610
4391
7667
6307
5504
8834
2253
8353
3733
7645
6815
2473
4527
8923
7112
9989
8142
6108
9066
9163
7102
1439
3519
6986
7381
2040
3522
3788
2232
6652
3108
7752
6219
9951
8037
544
7818
2314
4152
9568
1496
3089
7169
5032
3892
4478
6932
9150
6251
2126
3269
5816
5587
2563
7301
6151
1962
1522
1353
2862
708
3579
1095
4459
4455
7585
9689
847
6771
8905
6035
4765
5340
3766
3590
95
9572
8379
7274
340
8873
3305
9628
5879
2090
4548
8745
1128
106
1801
8741
6963
607
1661
3931
8230
9023
3557
1506
7596
6750
4535
4105
60
9086
7110
1782
9986
3542
6615
6440
5807
8360
9793
3144
4228
2519
2968
6707
9197
3891
7950
9291
8730
8285
1378
1198
6498
8349
4705
902
854
9327
217
1671
9366
7033
2759
4526
3797
3026
743
6095
7210
8920
7656
8281
6597
6552
3132
4232
8974
8924
4138
4962
7164
4448
5899
6104
582
3558
1383
1116
33
4859
2016
9877
2230
8575
9565
555
2679
6425
5653
6316
8827
1121
9789
1148
219
9783
7826
7623
4917
9828
3656
8586
1675
9933
4129
1214
617
5167
7570
9285
4815
5725
1567
4710
2581
3821
8632
6378
234
811
1731
9738
4267
1707
7605
7627
5374
40
3514
9255
8463
1174
7676
787
2753
2982
3875
3572
6529
995
8047
1947
8765
7735
6915
9692
5745
194
1243
4614
9892
5421
2720
8916
1433
5348
8412
7161
9363
1242
3869
5583
860
93
5305
4983
2007
4492
1777
4366
68
3174
5786
1358
8222
1578
3492
7705
5474
8376
8600
1920
9244
1049
8005
2592
4396
4848
1959
2138
7525
6046
2137
8139
3120
1783
7040
4104
4395
6637
7771
2208
6003
7449
4272
7992
8398
5592
3062
1411
7875
7477
4837
1738
46
5497
4116
2009
9135
4323
5679
7845
9713
9905
3355
9796
3368
2890
6849
3860
83
1953
2179
4390
6223
9887
8870
7889
4211
8474
3781
1367
4242
7954
8254
8114
6129
4064
9496
3471
5285
6588
185
6688
2790
5813
400
8011
6075
9987
9279
1295
3292
2887
314
8829
2980
2591
2162
2091
9041
6627
8499
6742
3995
7535
8486
328
9854
2368
6336
8854
4377
4584
2823
5417
6130
6854
3734
7649
7616
57
7248
55
8708
9835
6594
7432
4498
6541
1545
2919
545
130
9670
3112
6248
4450
5752
3038
7143
8174
3396
9336
8599
7827
8283
8659
1547
4133
4501
6643
8158
1994
9549
4458
5826
1893
5999
9996
2562
2018
5631
2265
1849
591
8656
3778
7820
9289
2045
8594
1642
9761
4715
1770
7201
2298
8495
512
6056
3828
6856
4719
5644
4125
3678
2062
3475
9718
557
3868
7153
7933
1271
6415
1445
3274
3113
3581
9202
4056
2667
2082
8796
1858
2301
1120
9611
2615
710
6249
2800
900
3877
1792
800
8616
6492
9754
9471
4880
1037
4580
7697
206
2652
502
7942
3914
3170
96
349
3265
7494
2619
4490
4273
9920
2986
4256
9352
7419
7165
7937
3511
3438
2534
7181
6524
7602
7227
81
2239
1603
3381
4578
3034
8218
5193
3402
3646
9376
4699
6998
5073
8000
4324
3277
9814
999
9742
4005
4433
6499
7019
5959
4148
4494
985
655
3285
4418
6898
8657
5342
4773
7640
3587
2960
3191
1223
8276
3779
2172
5265
5672
5707
9939
113
7811
462
8354
7693
2231
421
2268
4312
9413
2423
7090
3167
6212
1329
5789
4663
9566
6632
1678
5594
9638
7698
3350
1510
7581
8654
8835
8727
5462
1253
5125
7665
9070
2839
6279
1160
2893
8544
9459
9318
2547
3158
803
9073
6116
8308
8513
4061
6002
1257
8972
7343
4987
9463
5333
4085
899
5950
9384
1921
8928
1159
2777
6297
7192
7906
9661
5297
6716
1955
6991
833
2633
3272
8120
6536
7479
804
741
2579
7881
8527
7527
5441
2605
5651
1278
6115
1336
7
2875
654
1054
8517
6340
4467
1877
2551
8243
7503
2252
2005
7147
242
982
5706
9721
9431
3263
5931
6314
7882
5812
5767
1577
4499
5774
5758
8369
4615
2600
5619
5373
3905
1666
5958
5454
7847
1550
4610
2597
1564
6284
3606
1774
9113
7044
856
978
4818
8252
670
9955
8329
1185
5584
6925
5828
9874
8825
3155
9295
1402
5755
36
4659
8076
595
3327
2962
8890
3770
4009
1194
1626
5905
209
9257
8561
3016
8317
5228
6455
8885
5258
4299
205
8481
4641
3414
176
8588
4035
8617
1145
9190
2707
4514
6300
5393
7173
9321
1111
5411
2998
2537
4149
2705
5932
2941
7404
4995
4760
1076
5919
1450
8821
1023
2482
2428
1703
6779
3405
111
5261
8856
9236
5105
2020
1868
8732
7238
1470
2743
8676
2927
906
6820
6337
5037
3384
5568
5528
6428
1673
7772
8805
5164
3231
5326
8257
536
1702
1100
2950
8228
5186
8571
2193
9704
3547
5876
8548
7447
9845
8582
5922
984
3968
3975
8644
8816
783
1791
4142
7272
9985
9316
8896
2029
981
3173
8576
9371
3072
4544
6984
1587
2635
9228
3180
4205
9212
8533
5971
9204
4186
9560
8258
866
1075
2085
1743
9305
7009
4063
6185
7748
8126
159
2111
3017
6805
9075
9503
6695
8982
1880
7048
3035
1816
6366
4905
2985
9748
4074
87
9846
6827
6107
8581
247
3623
6507
1030
8908
9684
8666
2728
7039
3809
5705
4674
6240
7131
3146
812
596
504
3806
6037
6391
5289
2545
6825
1837
7026
8226
4221
6098
3751
7015
9967
5494
7072
7614
2670
9262
1114
5888
7213
1583
8757
6706
9756
6443
7450
3156
1112
1657
7788
3010
9794
1414
9058
933
9903
3060
4632
2845
2461
3947
8339
8261
2292
451
6516
32
729
2424
2660
1799
3865
6896
930
5552
8729
6192
8014
1785
5150
5935
8941
8201
5270
352
9298
3287
8685
2929
6681
8863
4670
2430
8193
1179
4744
9570
3962
692
9685
8253
4069
6977
3297
4931
3983
7228
5068
4474
2722
1031
5314
7611
7626
3902
8776
1611
9576
5115
3544
9621
1614
3884
9203
6444
5136
9162
2480
9389
733
4655
1744
2624
7632
1807
620
7145
8338
3645
1957
4430
9014
2674
48
4098
2503
4019
9370
2639
570
2190
5036
639
2648
1579
3642
1052
5180
4326
5929
5401
2973
1268
5572
8509
966
3077
6079
3692
824
4194
3401
8219
7062
7765
6299
835
9373
3275
1669
676
6345
2127
5887
3773
2360
597
3230
7122
7271
8759
2994
1870
6850
6159
252
599
3560
4051
2248
6081
3843
3552
1036
2649
5496
2613
2541
2195
157
668
6876
482
70
3849
1709
8563
7395
7209
9674
3310
8658
2449
2733
4384
5276
3005
5992
808
3783
4213
4264
4444
2307
571
8556
6789
7030
6477
9115
4277
3291
2047
5660
8085
8919
3503
2646
6405
6837
2367
1647
9586
2812
9928
1925
8123
3421
8038
346
6765
2269
7770
9282
415
520
7066
6010
9804
4465
9505
7265
2493
9525
9210
195
9050
4206
77
1235
8837
1805
4691
8966
612
8560
8691
8070
8385
6077
6031
181
3031
4123
6042
9267
7061
3685
2435
3433
8898
8671
1937
7092
8565
7021
3105
9200
7328
6019
8641
6478
8472
4507
4127
859
5618
507
6584
9746
907
4318
5895
3003
5559
9333
1926
4259
9470
1020
5495
5435
4579
7277
1844
513
7694
7276
2821
389
506
1183
9743
6150
9763
606
1670
1389
713
566
3661
7736
4080
4964
3100
6236
6343
6486
3801
2577
9585
4429
4350
6628
2851
7459
2787
2436
2261
6454
4416
2374
9368
1821
8703
8954
9412
3945
517
960
5576
1760
638
1528
4547
1935
5480
6939
4405
381
4209
8430
327
4449
5472
5675
2351
1997
778
6475
8203
2284
6427
9508
6603
7114
9098
7730
3571
9993
6172
2955
5433
9421
6816
9472
3598
6646
4057
5436
1311
3258
751
3375
9121
5095
7782
528
7647
4378
6556
4325
2934
3513
4374
3906
6756
5200
5171
8604
6676
6188
526
6132
4509
4821
2792
9169
8664
431
2860
2566
8612
3365
3718
8832
589
5815
3903
1766
1229
2988
2215
6601
7779
4555
4800
1996
9358
7377
3382
4001
1079
4607
8333
721
334
5429
9997
6564
2418
2339
2979
7851
7401
6182
6987
3737
6629
5197
7833
8618
577
2236
8589
8819
5273
1968
8077
7214
3385
5809
5677
5360
6353
1975
7939
8864
7742
5676
6680
1134
1157
4285
8809
7895
987
7899
7376
6903
7341
6540
2444
6126
8199
396
7230
7244
5988
8393
1993
7863
1038
9419
9155
4932
6752
274
3339
3273
8397
3853
1863
3124
6093
7216
5897
8503
5724
9759
4594
2758
4770
4257
3477
7670
4642
569
1894
8501
9916
8946
6467
9605
6559
3831
7663
6119
1775
6202
2420
271
601
7495
6200
5840
4160
5885
3618
5832
3021
4415
7330
1127
7763
2847
4042
510
4966
8489
8987
305
483
9509
4954
1154
3203
7941
2278
1903
7854
6423
4489
1137
4334
3643
4762
4320
7500
5533
8675
658
7262
7868
4750
4669
7247
1885
4554
3549
791
6394
7444
1298
9274
880
2977
4243
2133
2324
5525
6560
326
6315
1737
6670
3030
6543
8798
6737
9664
6855
4191
2004
3240
6061
3996
5650
4305
285
8797
9776
6623
9516
9703
7222
9583
5109
3591
150
7925
2105
4892
7223
3672
7582
8129
4633
7132
5637
6258
9083
6015
9306
9869
7877
3953
560
4812
5402
2692
4912
3736
5293
7580
8118
4604
928
6101
11
5498
9541
7422
3520
8355
4337
1848
2831
8498
4517
1382
6497
5458
9897
5250
2118
2538
6822
8264
5972
6244
1691
4295
563
4833
5130
2626
34
3386
6057
8191
4290
5934
521
8964
9223
5622
3110
7975
8033
2113
8518
7372
6196
1599
5188
1013
7734
9481
4402
8785
8891
1516
6864
2594
5015
4606
1495
7064
7648
9518
1689
7249
9455
7126
1898
6897
4603
5329
4858
5256
6846
4666
4485
968
2709
761
3197
98
1786
9631
1441
4261
1741
2833
9010
6404
1917
8767
9383
9597
8150
3139
9239
128
6374
5434
4581
3204
2458
9199
8063
6733
6682
3971
1501
3790
5546
7473
575
3920
257
1361
4961
7371
3804
7716
3948
7279
3061
7890
2996
7838
723
5853
9539
6125
2028
4754
154
2589
6980
2446
9591
2529
5461
5621
5538
3023
76
5747
8215
2719
9494
2744
6434
3757
8122
1374
3267
1551
2984
9193
2730
7400
4751
6956
5904
4794
6684
3589
9714
1631
5317
3634
3469
7107
1690
3283
173
4012
3856
1468
9174
3044
9464
5799
1776
9930
2583
9247
9919
9655
7997
7513
9562
977
8590
6575
1751
2703
4032
5608
4192
3186
5914
4119
5229
5460
9473
5134
4759
3772
3855
6727
5383
172
9965
8356
1961
4224
1316
2438
5513
983
1998
9521
1273
3361
7416
6022
7186
5079
4967
2422
1478
3654
6178
1283
2017
7488
5058
7842
9457
4672
6725
5871
6363
4729
3069
3794
784
4585
1697
4586
3160
9055
8684
6722
1061
1310
6283
9811
4845
4721
9122
9588
5782
2238
4816
177
6201
3497
5640
6739
8738
4483
6487
8102
3255
6265
2280
155
9589
1279
442
8478
7443
5748
9241
7392
2455
6409
632
4556
7054
9266
1173
1990
6673
2762
5671
7191
6007
5505
9301
1892
4707
3982
9540
2241
3986
9765
8937
6555
4383
1982
5262
6162
6824
1048
3955
5414
1983
1167
6766
2641
457
9398
4208
4804
3550
4668
5883
9106
3054
1677
1109
9815
2598
2228
7505
727
7237
5354
9229
9008
1939
4491
3184
980
7884
5541
2354
379
9797
4101
5140
6359
7783
5689
401
1055
6578
3435
2115
1231
7319
2774
1787
5561
1520
685
8769
1350
7464
2842
2
5144
3994
4929
6298
3731
8791
3861
5579
2183
8267
4322
5716
4528
3325
8136
6176
6907
9467
3161
6127
4172
80
5102
4630
3065
1347
4426
4453
8031
957
4536
2008
3543
2417
2714
5940
4317
4196
1505
2992
4202
9245
1158
9932
3743
5844
9567
6551
9988
3952
4313
7564
8152
7609
820
4442
6313
2848
224
5892
6804
2488
39
2899
1662
8520
3205
1556
1794
8620
2176
1563
2525
5439
357
5817
6009
186
4238
3626
360
8395
5612
7711
2277
6106
1686
7174
4560
9666
6153
7373
1077
4955
6840
4531
7825
9211
2793
7133
3104
806
7934
580
925
3094
1624
2439
3684
2441
8422
9712
6190
5846
5684
5380
8119
3630
613
2304
5928
9296
8935
3650
1104
7499
1944
9276
6877
3333
439
9690
7572
8467
6990
5177
5964
3080
7872
3408
3251
7125
8646
4167
9908
4688
8848
3036
6066
7331
6155
4824
8330
5873
1388
3114
430
1140
3715
1094
8740
8857
3219
5295
450
5856
7439
3187
7757
3123
3308
455
3533
4900
7866
5430
2981
2370
9511
2573
7461
8079
5353
9392
6807
7901
4013
5843
6096
2770
2043
9716
2396
3480
621
7211
1234
6502
2445
1000
7098
3470
1308
5882
3694
9849
4797
9418
5220
552
8771
2896
3916
2223
7068
2671
4327
5260
1041
6532
6149
2250
749
5925
2808
5485
2976
5303
2101
6947
1139
3584
9533
4387
2571
705
3359
8516
7598
3241
75
7493
4661
6829
671
82
7947
9357
7708
6231
515
8061
6184
423
4008
8673
5205
8622
499
4437
6110
6719
7351
9747
5862
2174
9527
3332
5857
9870
3008
8621
3653
7982
3506
5399
7704
1966
6611
5382
2419
5356
9922
873
5077
3730
5471
6798
1417
7560
4886
9137
3586
5859
4268
6179
5169
5699
6923
5567
6086
2558
4628
133
7591
675
4741
6668
9124
4241
1658
1436
9723
6620
7789
5907
6038
8628
3973
7816
1831
7005
5063
3133
8989
8451
1063
8416
5002
4284
372
7601
9391
7105
9648
2384
6869
874
7552
9768
2057
9095
8846
22
5388
4108
6139
1390
7303
9148
4245
2840
8161
397
4003
6662
8603
6217
7755
8677
2246
237
3816
3354
1097
50
3249
9480
1929
7476
1016
677
6883
3807
776
9673
2083
5343
8850
2702
6
7978
2294
15
7891
5432
4620
5328
1665
9220
9642
7910
9679
7776
1800
1057
7994
3928
2987
2369
1846
4141
4132
8382
1088
8889
6672
588
7180
1028
4695
3207
1652
9774
4443
7808
4174
254
4843
5086
5129
4248
9798
843
2900
6393
8052
4237
8239
3166
9537
399
3175
805
553
1299
4022
8443
6522
6651
9992
1572
8153
2380
3746
6697
1486
4842
8030
3294
5610
9350
6538
9677
3526
2546
1836
92
5448
1199
364
2297
2696
4353
2454
3802
5043
3799
4214
8955
9544
6796
678
8655
3601
3913
3431
2203
9594
121
8344
7084
1890
1412
6045
3400
6938
6288
6011
5196
5103
5591
1654
4546
2532
1001
8187
4340
8506
8519
6348
1053
8567
4480
554
5833
5468
2308
535
6708
8177
6772
725
6017
2061
8183
3886
1971
385
9330
1909
3502
1245
1543
7700
1704
6430
2595
8262
3366
3698
435
8400
7508
9741
2544
3070
9898
5613
6582
9402
8549
865
8383
8956
4939
6828
4601
232
1176
2352
5646
1081
9709
4447
740
1663
7346
4400
8713
9051
6488
2353
2341
891
3693
8865
4135
143
4817
3964
4382
3629
1006
335
2695
842
7633
263
9434
3262
4885
2499
1472
5390
5540
8523
5581
5878
5175
7545
9859
6626
8293
5064
2555
6948
4321
5790
5686
672
2870
5936
8389
2450
3422
4567
5264
1923
4989
8032
3681
7584
1559
2462
7087
2287
4960
1003
7243
4542
2012
1168
3874
5203
8570
8002
8584
7016
5397
7163
9235
9022
6055
444
7935
4269
5938
6418
9728
9287
7433
2041
7308
2116
1755
3237
6694
3720
6385
6571
8023
6071
9149
5698
7364
7756
7012
7302
7932
1878
9629
4665
7903
6491
8753
158
1698
9082
7812
5482
6091
7157
4018
8095
6881
2857
7075
1407
8039
3758
191
6183
1739
2513
4713
7027
266
4869
5765
7541
2160
5242
6466
264
6693
9293
5070
4651
5643
6082
579
5657
8491
2700
6753
5404
2897
2139
262
5949
8976
5712
5867
7613
3791
5852
5000
9025
5737
3652
1521
2477
7199
7574
9522
3818
6382
170
4708
1653
4039
9700
6123
5132
1918
9166
2391
9900
828
9682
8511
5991
5514
8117
514
1110
6321
2006
2590
7188
4045
3673
8006
2100
9983
5084
5865
3632
6989
6661
3115
8842
6429
5479
6144
4638
6583
4016
8668
212
7832
2244
2926
1907
9506
5415
3374
7115
4996
4413
6608
3880
5422
5307
9360
2710
6710
1965
9626
8705
9344
1889
1866
7436
2796
3086
4207
4563
4153
1119
3220
6527
4254
5352
9112
6291
9024
5477
3169
3740
2922
863
6426
4496
4168
9335
433
475
1292
2908
1446
2881
5302
3628
7662
7579
1454
531
3691
2930
9558
7349
2042
6612
2340
8044
7060
2181
4795
2688
7914
6310
6823
126
7299
6579
3143
2754
6324
112
2222
8363
7273
796
9947
3515
2165
2056
8794
2281
9440
222
2306
3446
8602
7522
7767
3349
3246
3088
6012
7506
5483
8322
7558
5593
1301
5574
7261
9875
5776
9820
1857
188
8690
7142
7283
6972
7536
2134
5819
362
644
6167
8669
9847
3152
500
1375
3328
3311
258
8635
7332
6073
8977
137
6386
8782
6402
9469
7136
4518
2086
9840
8786
7707
2076
5749
5051
7830
7310
9444
5185
7006
5274
916
1474
7603
9102
7691
829
8321
7671
5119
6290
4592
2949
1519
2957
8736
2868
2224
3412
1534
5544
4431
7835
2638
5335
6232
8202
6276
8034
1026
5416
20
6736
6800
711
870
2282
1906
6892
8017
6067
4065
2132
3047
3554
7135
3048
1676
798
1771
2751
6787
4553
268
7170
2177
6157
7485
5255
7437
8883
1284
9749
1872
2066
5155
7412
932
3009
4103
9826
47
3234
3130
3956
7050
2410
882
3416
2274
6768
2775
5350
7335
758
6281
1552
4271
3978
7764
4304
2913
5669
4404
5398
7121
9250
7606
7043
2829
4981
5970
5066
3162
2784
1886
7629
9672
1130
5286
6819
2010
6169
3836
1759
7862
4058
3639
5491
1740
2665
9430
627
4899
3944
182
8526
488
1798
8951
8595
4300
5780
673
1236
2514
7669
6133
165
8839
5065
8304
7482
9385
8930
4854
3711
4805
8431
9002
2945
5166
6567
3716
5722
198
6724
8694
5407
1085
3810
1403
9180
3960
9324
610
765
4010
2168
1219
4734
3864
5796
5174
6365
2251
2343
3491
6888
7405
5187
3517
6028
8391
7905
2219
6677
8784
875
3019
4397
7686
73
5998
4446
955
4388
5014
9580
4763
9831
1221
2300
281
6484
2684
8035
1025
8074
4332
8553
2279
7608
2267
4702
1195
6247
9863
5911
7777
3798
9347
2636
7355
1708
5396
5719
7540
1170
3432
4538
762
4997
3081
5093
4157
5487
1814
7428
344
1434
4596
9645
7300
5120
8573
9426
9435
5121
4523
3613
7518
1451
6471
8811
9367
3347
5913
8803
9033
7119
994
9232
3768
3295
4362
4870
2666
5392
3811
9680
485
3319
5408
3245
1126
9448
6599
2319
4980
4145
8670
5425
2662
3194
2323
1239
9304
140
2944
4283
6040
9108
8860
2686
7879
1369
8892
4234
1489
722
9944
7294
1951
6974
4159
9227
9400
4543
7053
5590
6659
5234
7732
8818
4913
7471
3763
2205
5609
8521
1331
6274
8901
310
4681
3463
226
7588
6255
3261
8315
7865
2761
6875
4510
6216
8089
8113
2535
7530
7599
8871
2124
7717
1716
5315
9624
8625
3064
6137
7254
1641
8630
4986
4840
4882
5020
3800
331
1415
6751
5306
207
2109
5994
1014
6033
1660
2027
1366
8804
2104
5107
6988
4977
9879
5835
8286
2184
1115
7032
6835
1124
3398
5726
3372
6112
5649
2783
5060
4407
7190
6401
1090
5157
7550
1772
7116
4720
9356
7369
8969
279
9179
9175
7796
9343
9109
8138
7551
9627
2527
8881
915
8497
941
7955
2362
8098
6338
4177
9201
6361
9156
6354
5666
5061
4198
238
9313
236
6464
1444
3553
6070
6237
3481
5785
1064
8912
6647
7290
2381
7270
4893
2882
5743
2925
4853
6257
2234
1017
7250
2611
9769
756
7680
4846
5172
6264
2602
546
3551
8351
2727
2407
647
3330
9559
1071
1321
1333
272
4678
6945
3872
9669
1711
4934
3142
8399
1972
7474
2321
6519
1466
4539
3073
2765
7858
8841
5249
3753
5606
5449
8384
4884
2166
5221
3641
2151
9777
1530
2515
2601
9186
8485
1152
4771
6539
6241
8795
5247
2022
8284
8701
5245
108
1833
3085
9374
2136
9454
5577
7684
558
6630
1430
1818
7630
8058
5962
7636
3388
7264
9942
744
4736
5966
9956
8538
4348
3318
7047
1373
8444
7737
2081
9693
9940
8531
7795
6181
3290
8224
7246
7106
2764
4640
6395
2427
5939
9462
2491
5049
4014
6193
4193
1949
4828
1453
2584
5194
8
2481
7565
3876
1068
4687
8147
9046
1332
7762
8460
6417
228
2582
1695
6135
1887
1228
578
3102
8722
9663
5213
6422
1930
3607
368
4060
6227
2533
7187
2200
1941
8205
8107
1497
4292
5490
6275
9830
1458
1717
6457
8060
3288
6573
8779
2778
2741
8305
1758
1083
3095
1410
4875
1684
745
3501
3348
322
2748
1419
9303
9974
8133
2015
7855
532
2121
7963
6163
9762
6802
7859
827
4034
964
8312
9424
8859
193
1932
920
7687
4602
3723
9858
2683
1315
129
1027
6919
1693
1627
1752
7502
2026
3965
6801
7091
6535
6654
8900
8968
1246
1391
4258
1924
5976
2673
6843
5446
9208
256
5291
3076
5243
3674
169
9249
89
3992
6748
8949
6934
377
9101
3614
4887
4477
3732
7348
3878
178
6957
1165
8512
4471
21
329
3055
9107
3452
3819
2421
3456
4002
2096
8882
7683
3585
116
2479
5377
9059
1876
7878
9230
7587
3407
456
7079
2880
5361
9005
2820
2478
3521
347
8992
9273
3997
4508
7291
1163
7673
8115
3808
330
679
4087
292
3534
3201
248
8455
5989
8406
6871
2668
2371
6006
4475
5503
2781
6995
8189
7359
3250
9590
9386
4923
4109
1509
97
1945
2358
8697
3093
777
6318
1164
8185
8440
1914
3901
9654
5979
7754
4879
4425
4230
7037
3582
9349
7720
6262
8313
6023
3121
4515
6818
1768
9136
8750
2574
8277
8712
3032
1266
3050
2003
120
3538
9178
6292
6633
4873
5827
6585
772
7440
4365
643
8046
4564
9177
4424
2167
2570
9030
8237
7352
4901
1476
3765
4558
5596
585
1616
4749
5981
6962
6955
2448
8373
5088
3351
4968
2556
9614
5216
6220
1988
7049
7922
2898
4236
6111
8545
9377
8234
8001
2194
3188
3957
5736
2013
469
3052
5851
3179
8706
1584
2859
3373
1462
1720
3150
2414
5547
4436
7871
1803
9322
2524
9061
7664
7258
9128
1209
9964
7189
7028
3225
3867
5099
1529
3198
8733
5106
4495
4099
9206
7557
4091
9724
4112
3564
4731
103
5968
7883
8130
9233
593
6951
3296
5094
5984
6229
2585
7386
6514
3771
5451
9297
3314
7465
9873
6758
1342
407
4279
2163
1618
2891
4368
6399
6117
5500
709
3918
5784
4302
3172
9861
3238
13
9563
1733
2034
8823
3940
1754
6490
9502
1456
7267
2620
6723
3002
2560
7148
4466
8934
2782
355
63
3603
8993
9612
6233
3465
9871
8458
7320
1177
4662
719
6180
6371
9269
568
2785
2885
623
4952
8660
4181
6912
9915
1181
8965
8453
8394
2038
3380
7699
9825
8948
5313
3742
2392
9495
9595
3888
6686
7727
9785
6969
8539
1217
5403
4551
1395
6658
4890
6781
8303
9339
8401
6714
3013
840
9001
6504
9745
844
8068
9309
2621
6408
324
5787
1004
3484
8099
819
2213
4335
1674
7908
1409
8175
5459
3192
8081
7594
8983
1113
2211
6494
9737
1338
4806
7215
7318
8468
4183
211
5974
9052
3889
2094
8488
7792
9437
9390
667
924
3181
2622
4993
4793
6525
8494
7637
9395
1750
993
6976
7966
1590
7689
1289
4825
877
8121
2102
6924
7888
7523
6621
9209
3923
7713
6964
8054
1581
7472
6333
6485
5324
3504
9625
970
2738
4836
8223
2394
4801
5881
4423
1714
2142
9375
4637
5009
2474
8145
3482
5345
8709
1432
3271
1850
7370
2348
175
3755
408
7531
6209
7396
8939
3690
7011
7930
3970
5623
3917
706
5202
3775
9790
6642
4781
5112
1527
2856
4570
4048
4333
9970
2320
697
4782
1033
91
6878
8271
7946
4270
203
1867
1422
2472
1958
9078
9775
1488
3686
3301
5793
3096
4611
6817
8762
629
9138
2523
6836
3106
255
6339
976
1166
9114
4506
2989
1806
8540
3767
6175
6857
7470
9904
6400
9665
1435
1580
9532
7196
9780
1900
5697
8543
9730
7025
7657
8874
8128
1718
8053
4813
8019
525
3040
3099
2170
3256
1155
4038
7460
2128
3043
7542
8897
7235
9364
4075
3942
3478
7834
6058
9401
7490
807
7617
468
935
1726
1612
7873
4562
6199
7074
5850
4215
4180
2771
4942
4319
1132
2886
1035
3546
5769
9686
802
9119
4746
3116
4086
2112
4462
434
4357
7003
1570
3340
3346
4938
6495
9805
8504
4724
9353
2255
7282
8421
7894
2338
9294
8244
2903
3462
5091
7311
7256
7008
2388
6421
7646
5442
350
4872
8335
8514
4537
4557
7393
7124
7959
1598
2001
1018
2052
8056
294
7967
2073
8914
7965
8404
609
1008
7831
1621
5983
2747
3222
8515
4789
7583
3090
8851
2185
8895
2772
669
8414
7194
7420
3834
2171
9675
341
3935
3531
1381
246
8629
7398
2399
9852
1241
9535
5714
2554
9409
3500
2917
6520
9035
4184
8721
6721
5791
884
5055
3223
7918
1802
1204
3563
9027
3300
8492
4052
6698
2655
7529
8154
4738
9397
8320
2147
122
5318
7957
9896
9372
6747
8967
1571
9927
66
4140
1255
9092
3784
3125
149
2873
7327
8087
914
9307
878
7996
1558
1778
9068
6097
1184
2907
1073
4412
5961
8714
1582
1544
8899
210
460
821
223
7944
4965
6453
759
8109
2070
1840
4696
584
7362
7455
8050
688
4252
6512
4338
4998
5344
7284
2409
4143
3707
3464
4857
5151
3183
9354
9902
9340
321
7042
3583
5141
6294
2186
241
2676
1455
7045
5301
1365
1815
1452
3566
2375
9449
2716
5569
8780
8004
4369
7511
9657
917
7463
967
64
4286
1032
5152
5614
2750
2154
9253
253
698
7768
7949
2143
2378
2317
5944
8275
3814
10
6411
1879
6447
9337
4881
8768
9876
2492
4953
5379
901
8009
4297
3413
4094
8415
1874
3604
3822
4706
7285
5985
4999
7241
9578
4927
2910
4401
3647
8432
5589
3450
7093
4260
8270
6142
9929
6562
2664
1034
5703
9960
1873
53
5311
630
6994
391
3059
2328
2614
7451
1847
233
5627
4589
151
6228
6586
1644
1303
9513
714
8233
3870
192
2814
8106
5673
1469
4758
4165
6749
1664
7144
718
3420
7095
8020
8631
533
3427
9325
1371
2607
9428
386
4693
9865
3866
9531
8296
8367
8268
5463
3972
5570
8981
5727
148
6506
4100
682
7113
8456
6609
3862
4493
1679
5212
4399
9717
3890
6746
5732
6054
5083
5575
5708
2999
7085
123
1051
8598
7828
6392
8461
1808
8242
9581
5625
6922
7970
8551
9007
1549
1208
218
9342
7035
4733
1058
3786
8092
9248
8942
6295
9497
3943
9784
3357
5044
3826
286
3922
1483
2946
5158
4623
3415
6937
7288
4403
5428
6381
497
8578
7363
8392
5162
2432
4593
7929
6863
8206
3669
2405
3900
732
7462
7738
2810
3445
5521
6741
1413
7220
7758
4054
9561
5481
337
4779
8735
6267
5751
889
5337
9127
1829
261
1682
8316
9733
8135
3084
4026
2757
4540
9317
1884
9791
3454
3404
9553
8792
864
5680
7104
8229
2153
7101
7896
2604
8679
7921
1538
5277
1363
7134
7501
3011
2025
7703
8723
2921
5635
8907
8362
3353
9290
2289
8959
101
8500
1485
7938
6416
6690
3039
9707
9634
760
1264
9256
5075
6993
9651
704
3714
2122
8643
3747
3371
9326
8146
1093
2110
7829
4597
7239
2447
9623
5217
1304
3556
9380
2014
9057
3761
5829
634
8700
898
2681
7329
4714
3946
9695
8611
2940
9278
3535
7391
1835
7902
1852
4645
9259
6735
2049
8272
4792
5847
6282
7111
9184
1756
8080
2000
3466
3885
6076
8259
7661
3573
8105
4360
1172
9154
8211
9977
3605
8359
8944
680
7185
7252
5122
5884
766
5319
2198
6788
9071
799
4131
5081
9153
3627
3367
9792
6493
1065
8294
9060
4275
8813
747
6731
1839
3419
3489
1946
7731
392
594
6259
9072
4732
9133
3376
6468
8306
7229
6691
5626
1508
5254
9841
6505
2623
8082
311
2704
3057
9160
3276
2079
2494
8574
5008
6319
2227
3137
9924
2872
8878
6596
997
5977
3608
996
8836
6331
4199
6312
5029
5573
6261
773
3908
6521
5720
8529
7774
4438
3704
2809
4030
7936
4225
5101
4500
5484
9270
1212
4212
7259
6703
8696
4877
8336
9
8532
275
5700
1135
9725
726
1418
757
5135
9979
3762
3459
114
7655
2569
2923
6186
8200
7100
3787
3989
8991
1630
289
5423
9355
4188
559
6728
7849
2002
869
3140
4171
2411
2768
8250
8013
313
78
3441
6927
3748
6063
1974
954
5775
3509
1638
4769
2939
2997
8872
6474
3701
4298
8127
2630
4301
4823
3195
931
4370
6113
4994
4566
9807
1845
5713
8764
7904
2746
5634
2767
5368
909
6885
1732
5662
754
9890
8957
4940
3122
4210
9888
962
5901
7374
9442
8717
913
4516
7456
1629
6638
6851
7753
6664
1142
3568
6757
4969
9194
2376
7571
2189
9799
608
868
4730
1386
6640
703
6548
4945
2736
3193
6226
1215
8484
9320
1897
7057
5798
2350
2501
2293
888
8241
5555
4919
2386
9966
8822
4613
8302
7559
8361
8064
715
1305
4619
2701
2463
3832
1656
1960
1324
8608
8198
5022
6713
2259
988
426
1249
9907
1427
4650
1387
838
8238
3461
2807
4541
3279
8408
4827
1141
2763
4756
7740
9117
633
9429
4524
5309
6322
5235
2631
8672
951
4329
4561
7804
3210
8766
1842
3600
9487
961
7724
7385
9726
700
4460
1811
8062
5325
6732
1659
1826
5898
2400
8350
2937
7325
2078
9571
9945
540
6675
4549
645
3403
3845
2114
6396
1859
946
7394
3423
4408
5042
6786
5685
1748
2698
5038
8906
4218
9361
8475
1238
6152
5510
8025
9447
4975
1484
4907
4291
8168
7389
8310
6780
6604
1133
5117
1970
8260
3999
831
9216
3352
4110
8108
312
201
4255
7567
1487
7172
5973
2561
3083
7491
5549
3625
6982
6062
9803
8196
4117
1518
2395
641
438
1736
3985
9963
8979
4780
5473
4595
6379
1475
2520
6001
4700
2883
2942
2425
69
5067
5518
6650
965
9646
5443
6952
7952
9616
9969
6195
4356
2739
663
8788
5096
522
8194
4629
5764
8137
6971
4984
4162
4082
975
4803
6979
5599
2107
9587
5858
3331
8358
543
8318
7643
1973
8787
4454
179
5868
5658
3897
9275
6452
4346
3393
910
8366
794
8091
565
4464
6158
9636
6099
9332
5855
8490
6862
2019
1019
3567
8251
8945
3927
2951
9781
834
8477
4122
9744
8542
6016
956
3190
8297
9880
273
9103
5092
5
2794
2905
7990
4830
8328
4894
5359
8116
8059
8869
9268
1162
4928
9183
2497
7844
8388
8096
449
4341
3185
1928
369
3495
5114
7760
8213
3510
2470
1247
8637
5275
748
9600
9348
287
8049
199
8985
7295
2285
736
3959
1685
6435
9779
8464
1421
319
4725
6842
1683
9984
5341
9011
6523
4028
8921
5821
5153
5702
5321
5642
3411
2947
3518
9770
9980
7797
7357
5385
5282
2275
166
3559
2832
4667
6205
9832
395
9766
3904
7995
3153
5230
6203
6166
6510
6950
8012
131
6743
6027
5001
6553
8645
4179
9515
7421
7912
6911
7141
6225
1022
3127
2717
7985
8624
8090
4766
9315
660
716
1809
102
1011
529
6092
3837
4904
583
9978
5554
8083
7977
4787
3168
4608
2539
4757
587
4385
9189
690
9921
1729
958
5376
926
9045
8182
5210
8627
1992
9018
7521
9493
5357
9882
3202
1594
6821
4146
2672
5824
8125
9630
1562
6014
6245
6593
7200
6782
5124
4381
5052
6655
6577
3561
8327
6517
3915
5003
9130
3555
7089
3007
3449
6431
3252
7519
486
7615
1954
8820
4534
6649
476
8524
6832
9185
4316
4118
822
3752
8783
6992
2385
7824
4422
351
8457
6810
3286
7533
4053
4363
5889
8377
3227
1286
3532
1258
837
6873
6369
8552
5963
2359
7538
4950
7226
190
2608
4006
7991
636
8986
6580
6657
2850
4163
720
1259
4906
6631
8454
674
6306
9120
5493
3363
6047
2511
2383
9658
4895
2902
7794
9954
4441
3578
4852
3593
9843
9510
7418
7031
2855
2064
495
8833
1503
6776
9656
213
6589
9272
306
4502
7924
4976
3898
107
4106
9312
919
5006
3206
5453
7007
665
6531
2797
809
4664
6025
4959
7723
2918
6480
771
4512
7324
1337
9286
986
1719
7509
6692
4308
2069
1500
3803
1392
5488
4294
2206
8642
1812
1187
4173
1956
3067
1701
1123
8371
3126
9170
6806
5822
5536
5298
125
4344
989
1615
4849
2452
5811
9550
5466
267
406
9615
8903
3524
1511
509
1465
3209
464
4367
4971
471
790
3369
4755
3344
1420
5159
4364
5636
3360
1912
6884
498
4358
6476
4445
9524
6910
4891
6644
5259
2233
501
2322
6799
6887
4652
9432
1561
9198
1341
2475
2769
323
6785
8480
6346
9517
7417
5147
9579
9490
8814
1044
2983
6347
1473
2542
2682
4944
6481
6874
9388
2021
3835
712
4176
768
9952
8291
4296
9145
4092
3879
3091
5842
9848
412
903
5960
9936
9439
4814
6215
9192
3565
3838
9895
8917
5224
707
5808
8465
2565
3713
2290
6890
5327
6412
249
5413
9818
5553
2766
2658
9622
8980
7313
6568
9094
6085
9668
6859
8558
830
8245
7733
1540
7118
2093
6833
6830
4190
1554
7158
7951
6451
2125
4618
2629
6034
9701
9242
2416
9731
9019
3725
9604
5465
7221
737
2373
3071
3813
7365
1138
1393
6380
156
2952
5362
6809
3004
9446
9601
7548
1070
3270
6398
2723
2146
9543
7773
3523
8290
2426
4889
5189
6325
3969
265
567
6518
4278
681
405
6762
7555
7046
1981
3226
9542
9474
6901
2164
8961
1651
2393
5059
1692
3321
1780
3830
7067
5585
4991
905
8773
7675
448
6509
4559
3313
2291
2928
7815
3844
1438
4767
4049
6667
1357
3850
6769
8940
8204
3257
1646
953
270
1804
6387
9946
2403
7639
2053
1346
947
225
9165
135
8887
6254
1727
1769
8731
3882
6930
6375
8711
9006
6367
2332
3729
5527
9379
2791
470
4463
9632
8990
8104
7799
4021
9415
8041
2098
7504
3260
1096
5364
9460
9328
338
4249
3569
2144
3443
8496
4776
8847
5953
3128
9961
9056
3399
3570
683
7367
7468
3119
3852
1607
1328
4621
8577
6928
8650
9593
9816
3306
5655
1327
5760
1424
8110
788
6147
5802
7403
5836
9281
204
2669
1991
651
7204
1796
1604
7839
4050
3022
8016
3530
4657
6718
239
7225
635
3428
2364
2932
3699
5910
6243
2715
7435
4435
7298
1843
6114
8435
2552
1314
8190
1222
3460
4497
8626
6285
3979
9968
3829
8413
8273
5173
5199
6388
5923
3805
974
6591
3911
1822
8340
1575
3488
6763
5292
7232
9195
1891
9501
3839
6778
37
3453
2286
4330
2725
297
2884
1340
3776
8173
1437
750
5875
3950
6122
3211
6618
9800
5687
1101
7322
969
5566
5674
4233
9671
5406
416
1790
939
2303
259
8843
2099
8775
6204
7423
5198
6222
8436
9485
7517
59
5645
3739
774
5770
1256
5872
2685
7803
5861
887
1855
1995
489
5231
5236
9574
425
6880
2643
561
4625
8364
9000
1050
7524
12
8311
717
5848
1122
2933
9981
7927
8332
7919
8029
8597
2844
5161
1226
5691
4011
8178
5564
1106
6547
9125
3395
229
4147
4697
6389
5801
282
7725
9602
3677
8606
826
7651
5123
3609
3437
2572
3764
5946
1362
6088
755
2152
7916
6472
6973
3871
701
1267
3925
3933
1493
7592
2058
7202
9049
5116
3938
9678
9080
9547
8607
4154
7526
4799
7219
6852
7688
2906
4343
9466
3859
7334
6866
52
8036
5519
4107
2471
1029
7653
9238
5021
2948
6965
2678
2044
5663
8749
4473
7554
5778
6072
353
7999
6187
8958
5346
1490
1352
4421
5168
1967
3676
9141
3857
5837
9097
3840
9910
7338
4071
8088
7926
5951
4903
3434
5366
5543
5431
8962
3785
461
1895
1619
8734
4293
7972
1537
8994
3987
1012
8781
2713
7745
7973
5082
2837
8466
1307
5170
5849
879
1765
2644
9732
2119
6414
5410
8806
5682
8653
9043
3683
2627
8812
3958
8888
539
1576
943
4925
8739
1494
1313
214
4832
9842
8683
8171
3498
44
6777
8587
1280
1066
9031
5955
9697
7446
8134
7747
2325
1797
6734
2490
7484
5694
6606
2689
534
5296
3496
1288
1600
8876
5308
775
4084
6920
494
3735
3171
3921
7263
4914
3977
7672
5734
2745
1931
3665
938
9613
8927
9837
1592
8610
9475
3082
892
7344
3337
3045
3018
2485
2512
4784
2156
3218
8280
8097
7668
6165
3662
3278
1334
3006
2628
2225
5744
3364
3001
2593
3046
8647
5598
7988
5630
7496
7289
6935
7467
4545
7620
631
7928
2936
1205
6041
5670
5201
4796
6273
5668
4786
43
8751
885
5733
366
6065
6981
2235
7943
3189
649
1512
1633
8562
7129
8452
5693
693
4908
7654
1180
871
4631
2033
8441
6687
3356
4043
6005
6109
6503
9606
6566
9394
2500
8381
307
9957
1601
7086
3717
7911
374
3426
9998
1218
5178
1275
9736
5016
9719
5825
3712
35
6341
5548
4505
3633
1144
3165
2963
1117
4017
4342
7497
1107
2822
2874
6145
7739
4911
3259
6985
7475
6844
6296
7154
478
2092
373
2826
4347
4201
8978
8093
8998
6530
1705
686
9653
473
9972
5753
9577
9406
2059
7897
6263
6048
5617
3336
1881
8522
1459
1539
2299
5278
296
592
3208
1999
7480
2609
7193
387
9308
7907
295
5156
2729
4868
9603
6905
9280
7382
518
6940
3320
7162
6483
1376
27
1905
100
6224
1810
2711
298
6624
1625
8996
71
3028
9048
1795
5378
1573
2580
9711
9753
3620
7956
9698
6528
6860
8910
4351
6908
628
9556
1056
7618
5956
832
221
9064
5206
5920
1574
5438
4371
6302
7059
5418
6024
417
8288
3436
5251
4728
8424
7986
3326
152
6160
1767
5018
493
5146
4175
3990
9365
5930
280
5795
9411
4990
9334
8405
2956
9040
3409
4673
5746
8450
6902
5531
6775
4740
1838
2155
2801
4949
1784
418
3224
940
5300
541
8997
1908
4513
6537
3759
3894
7766
1856
650
79
1724
6665
9545
7304
5701
429
6996
6900
2257
2191
3671
9217
243
4078
2204
948
2389
4124
288
9971
7980
9569
7454
4943
2305
6194
1830
8875
9265
1224
5551
8307
6170
4680
7082
8933
7166
9649
7715
5638
4692
8999
6946
6636
3664
7578
8387
7575
9938
5506
4121
3954
304
8018
3235
6565
7969
4941
6141
94
3236
8861
24
443
2401
1865
2309
7120
6544
8970
9362
6420
2440
6271
5330
2312
7321
9039
4440
5667
8169
1072
4723
8428
2690
2024
162
3648
738
4883
4600
7287
9020
240
8960
9081
9914
9962
4169
6266
6171
7958
4246
9499
8636
5845
7750
5183
9894
5017
7761
8546
912
2878
2247
8235
345
2217
551
3298
9222
7634
9483
8929
5588
3334
2599
2345
6745
1977
3963
5131
9410
8347
2344
6975
2483
8592
1706
7140
9036
3660
8207
276
7168
6793
6138
2706
8849
2489
9436
9891
7296
730
5381
5582
3107
5085
2993
90
2487
7701
2182
5779
4701
6705
7953
2550
5530
7024
2063
9735
8913
664
5947
7323
3708
5539
5595
9708
6838
9277
260
2864
8758
6767
8748
934
4910
4829
9633
2642
4282
1384
735
481
1169
4973
6303
4339
4686
6413
8886
3709
3212
4916
3812
5048
3883
3657
1841
7722
4722
3895
6645
3974
4684
5741
9802
5616
163
3675
9458
9866
3728
5834
4988
2749
1270
7641
4392
105
5545
6617
8525
7786
354
619
7960
4571
4844
538
2596
9941
2266
5050
8212
2331
6235
2559
7000
4354
300
3760
7546
5952
2048
8279
231
3670
3577
4532
3338
9687
7597
3012
5182
3896
2260
4810
2755
8378
3027
361
6168
652
4432
5804
4139
4783
3617
4624
1721
9414
990
1913
5624
7240
3177
616
2827
858
1535
3854
4811
9864
7316
6287
9044
1442
4306
2390
4726
5715
422
753
6895
9132
5283
8449
5027
7052
5886
648
1227
333
6406
6496
1429
7870
8855
2971
5365
160
7650
9608
7562
8417
5312
7208
4737
6269
9224
9862
2318
4850
4315
5571
7600
9536
9788
9140
1262
9740
9314
8447
9609
4552
5355
8530
4134
6914
4957
8826
1591
1426
5864
4265
2087
6332
1764
1060
4114
3596
171
6970
7171
9934
739
30
4077
61
8609
7749
8884
8248
1192
547
5445
1225
6049
8744
9948
3024
8427
5921
3792
1397
9833
6148
3228
5400
1200
937
7384
8557
9662
6770
5412
3221
8619
810
503
7553
3493
9582
132
3612
5367
9637
4274
6545
7183
7266
1084
7236
7195
409
9226
1042
4307
5246
164
2037
7138
657
3164
7823
8324
1274
9528
2687
9809
8707
3109
4897
694
4992
3619
7253
8479
9778
1655
2120
1156
542
1888
2209
2129
5648
890
4417
9251
9829
4935
9901
5263
904
8265
2612
564
410
2196
5145
6105
1398
7520
5455
3527
5128
4874
6317
7660
9029
524
1428
278
7242
6595
7314
1813
1499
5110
5969
789
2773
1883
5681
8462
659
3406
9134
5470
4742
4847
1356
2456
5792
6008
227
8075
7971
6309
1640
1317
9860
7378
5214
8858
4240
5761
7197
5690
8256
7340
2342
7702
7036
9486
9705
3483
6043
6020
8918
3782
9681
2895
5035
6327
142
8337
6913
5738
7931
1820
1290
9806
318
1447
2967
28
9548
17
4550
1296
1129
6000
1725
5405
8390
9867
8249
6783
825
3710
849
7841
3721
5909
2610
2576
3702
3873
3580
9850
9773
4644
979
4646
5756
4622
2521
7354
5320
9254
2508
5735
3467
5323
9650
18
1986
5517
7127
6656
3562
6918
7729
1457
7987
65
508
6954
9584
124
4529
3706
414
6173
3101
4588
2158
1943
8572
4185
4866
5771
7593
1098
2603
1517
5709
7993
2972
6053
9782
8633
1498
7512
9283
5520
6277
4328
9323
7146
1287
9950
9757
6726
8065
1125
9855
8678
8149
4522
7207
3472
4024
1153
5562
6760
7769
3444
1548
4262
6967
7306
4479
5578
6999
5351
250
7573
4067
3638
1688
1667
8662
197
2035
8893
1542
2106
7856
454
3457
8420
2776
3823
1345
1291
3651
6696
316
8845
6738
9575
6323
2780
6978
1364
1817
3147
6368
516
7415
4985
9207
6221
3934
9484
84
813
9062
4090
8761
6078
3537
3998
6784
4504
7442
8695
7410
4519
496
746
1182
3282
6206
7539
8078
857
6442
4582
8040
1715
8084
7453
1188
8045
4717
3159
424
1046
1713
611
2819
3679
1623
1861
3429
8195
4856
9164
5563
9382
8027
8605
8024
8433
5266
5391
45
5204
9003
6469
5284
5225
3993
3724
1747
5757
3841
2469
3033
7744
576
7635
9710
5215
1406
8124
336
9823
6678
6613
5906
4822
4027
2915
7892
8438
5149
6870
1007
6357
764
6546
1553
6761
3789
1964
8554
9378
2333
9425
4040
1380
5349
9489
4468
3418
14
9096
6563
9159
5047
9599
5456
590
7388
3919
1851
2965
3358
5253
699
8314
6929
467
167
8915
646
5218
4244
9341
2256
4851
6441
1976
5113
5280
5181
5870
1860
4948
2288
2051
548
3780
4345
8112
5633
5358
8952
2888
6569
8596
8287
3092
4266
1062
8167
949
3658
8437
480
441
7375
6479
7885
6689
7038
2453
67
4743
8634
5550
5420
3548
7071
6334
4079
5695
4656
9659
5718
7917
1557
8774
1146
8057
2036
7001
5237
1969
1309
4864
358
180
3749
2117
9512
4055
4197
5800
9416
9801
1950
8176
4924
6740
3103
9931
8236
3163
1040
8386
9381
9427
29
2625
6916
6465
9607
388
1762
881
5419
1650
2161
8699
5995
5426
2486
6709
9009
2724
4612
9369
2220
117
5710
9079
2197
8051
7212
7696
867
5268
2355
6272
6438
1477
7780
1099
332
3389
5557
7595
5900
1015
815
3937
3640
7406
6118
6941
2457
2169
2356
9734
1108
7065
215
1251
9205
2726
1648
6581
2663
5489
6729
8263
9949
2645
8419
1938
7361
3242
7342
8754
2634
5838
5501
3525
9822
8909
8591
1260
19
5896
7621
3335
5604
6044
452
5310
8583
7345
7718
1634
5271
4089
5219
3041
8505
603
4598
7836
7781
9302
9252
8445
9084
4946
7843
4861
3668
8471
6968
5783
3299
9146
1423
4044
1781
5108
5933
6572
6068
2522
4898
4251
2803
7336
1742
8331
7080
6136
2740
9037
7674
8348
4855
3213
8808
6021
6926
9152
146
5805
9118
3051
9691
8689
6610
5118
370
1323
605
4150
6909
3229
9552
9991
5024
9751
7759
1869
7487
640
7445
2543
3264
189
6250
1984
4151
4311
6774
9219
8661
6861
642
9821
3284
1211
174
792
8943
1482
9214
6674
602
4634
8407
7534
9338
5565
394
3817
398
7233
6308
5248
5239
